OHands: 0.040816
bHands: 0.108844